0 1
176400 1
265041 1
353241 1
441441 1
529641 1
618282 1
708246 1
794682 1
883323 1
973287 1
1061487 1
1151892 1
1238328 1
1326528 1
1416933 1
1505133 1
1593333 1
1679769 1
1768410 1
1857781 1
1946574 1
2035215 1
2123415 1
2211615 1
2299815 1
2388456 1
2478420 1
2567061 1
2653938 1
2743461 1
2831661 1
2920302 1
3008061 1
3096702 1
3185343 1
3273543 1
3363507 1
3452148 1
3538584 1
3628548 1
3717189 1
3807153 1
3895353 1
3981789 1
4070430 1
4160394 1
4249035 1
4337676 1
4425435 1
4513635 1
4602276 1
4692240 1
4780881 1
4869081 1
4957281 1
5045040 1
5135886 1
5224086 1
5312727 1
