0 1
88200 1
220941 1
353241 1
485982 1
618282 1
752787 1
885087 1
1017828 1
1150128 1
1282428 1
1416933 1
1547469 1
1681533 1
1814274 1
1947015 1
2078874 1
2211615 1
2346120 1
2476656 1
2611161 1
2743461 1
2876202 1
3008502 1
3141243 1
3275307 1
3405843 1
3540348 1
3673089 1
3807153 1
3937689 1
4072194 1
4204935 1
4335471 1
4469535 1
4604040 1
4736781 1
4869081 1
5001381 1
5134122 1
5264658 1
5399163 1
5531463 1
5665968 1
5796504 1
5931009 1
6063309 1
6195609 1
6328350 1
6462855 1
6595155 1
6725691 1
6860196 1
6992496 1
7125237 1
7257537 1
7389837 1
7524342 1
7654878 1
7789383 1
7921683 1
