0 1
88200 1
218736 1
353241 1
485541 1
618282 1
750582 1
882882 1
1016064 1
1147923 1
1280664 1
1414728 1
1547469 1
1678005 1
1812510 1
1944810 1
2077110 1
2209851 1
2342151 1
2476656 1
2607192 1
2741697 1
2873997 1
3004533 1
3139038 1
3271338 1
3404520 1
3536379 1
3669120 1
3803184 1
3934161 1
4068225 1
4200966 1
4335030 1
4466007 1
4598307 1
4730607 1
4863348 1
4995648 1
5130153 1
5262453 1
5392989 1
5527494 1
5660235 1
5792535 1
5924835 1
6057576 1
6192081 1
6322617 1
6454917 1
6589422 1
6721722 1
6854463 1
6986763 1
7119063 1
7251804 1
7384104 1
7516845 1
7650909 1
7781004 1
7914186 1
