0 0
219177 1
305613 0
336483 1
407043 0
425848 1
466578 0
497448 1
543753 0
595350 2
664587 0
698985 2
751023 0
772191 1
819819 0
843192 1
910224 0
931833 1
981225 0
1012095 1
1272568 0
1290366 2
1345932 0
1371069 2
1426635 0
1461474 2
1528506 0
1551438 2
1622439 0
1643607 1
1695645 0
1716813 2
1766646 0
1799280 1
1823976 0
1845144 2
1874691 0
1892614 2
1925847 0
1945251 2
1975680 0
1993320 1
2029482 0
2052855 1
2152521 0
2175453 2
2261889 0
2284821 2
2331126 0
2354058 1
2400363 0
2423295 1
2463426 0
2481066 2
2525166 0
2551751 2
2611602 0
2640267 2
2680839 0
2701566 1
2753604 0
2776536 1
2822400 0
2843568 2
2887668 0
2916774 2
2989539 0
3221946 1
3260313 0
3283245 1
3329517 0
3359979 1
3423924 0
3442887 2
3492720 0
3521385 2
3594591 0
3619287 2
3682791 0
3705723 1
3763494 0
3786426 1
3841992 0
3864924 2
3916962 0
3948273 2
4099536 0
4124232 2
4170978 0
4194634 1
4239333 0
4271967 1
4343850 0
4377807 1
4423671 0
4481442 2
4645053 0
4677246 1
4746483 0
