0 2
88200 2
178164 2
266805 2
355446 2
443646 2
531846 2
620046 2
710451 2
798651 2
887292 2
975492 2
1063692 2
1151892 2
1240533 2
1330497 2
1416933 2
1505133 2
1593774 2
1683738 2
1771938 2
1858815 2
1948779 2
2036979 2
2125620 2
2214261 2
2302020 2
2390661 2
2477097 2
2567502 2
2657466 2
2745666 2
2833866 2
2922507 2
3012471 2
3100671 2
3189312 2
3276189 2
3365712 2
3456117 2
3544317 2
3632517 2
3718953 2
3808035 2
3897558 2
3986199 2
4074399 2
4160835 2
4250799 2
4339440 2
4427640 2
4518045 2
4604040 2
4692681 2
4782645 2
4871286 2
4959486 2
5047686 2
5135886 2
5224086 2
5312727 2
