0 1
89523 1
178164 1
266364 1
356328 1
442764 1
531405 1
619605 1
710010 1
798210 1
885087 1
974610 1
1063251 1
1151451 1
1240092 1
1327851 1
1416492 1
1504251 1
1595097 1
1683297 1
1771497 1
1859697 1
1948338 1
2038302 1
2126943 1
2215143 1
2303343 1
2391543 1
2480184 1
2570148 1
2658789 1
2745225 1
2835189 1
2923389 1
3012030 1
3101994 1
3188430 1
3277071 1
3365271 1
3453471 1
3543876 1
3630312 1
3718512 1
3808917 1
3897117 1
3985317 1
4073517 1
4162158 1
4250358 1
4338558 1
4428963 1
4517163 1
4603599 1
4691799 1
4779999 1
4870404 1
4958604 1
5045040 1
5135445 1
5223645 1
5311845 1
