0 0
1154097 1
1222893 0
1273167 2
1347696 0
1405467 2
1463238 0
1536003 2
1695204 0
1739745 2
1952748 0
1975680 1
2010078 0
2036979 1
2075346 0
2280852 1
2344356 0
2367288 2
2403891 0
2572794 2
2690100 0
2720529 1
2776536 0
2797263 2
2833866 0
3584889 1
3630753 0
3659418 2
3759525 0
3826557 2
3897558 0
3935925 1
4145400 0
4181562 1
4275936 0
4293135 2
4350906 0
4381335 2
4418379 0
4462038 2
4490703 0
4533039 2
4565673 0
4680774 2
4713408 0
4791906 1
5015052 0
5080320 1
5243490 0
5276124 1
5335659 0
5410629 1
5497065 0
5809734 2
5867505 0
5921307 2
5959674 0
5984811 2
6073011 0
6101676 2
6163416 0
6188112 1
6263082 0
6338052 1
6875631 0
6906060 2
7123032 0
7215201 1
7376607 0
7432173 1
7559181 0
7582113 1
7643412 0
7664580 1
7783650 0
7822017 2
7862589 0
7923888 2
8000622 0
8073828 2
8123661 0
8234793 2
8338428 0
8411634 2
8455734 0
8482635 1
8555400 0
