0 2
178164 2
266364 2
353241 2
443205 2
531846 2
620046 2
708246 2
796446 2
882882 2
973287 2
1061487 2
1149687 2
1240092 2
1326528 2
1414728 2
1505133 2
1593333 2
1681533 2
1767969 2
1858374 2
1946574 2
2035215 2
2123415 2
2211615 2
2299815 2
2388015 2
2478420 2
2567061 2
2655261 2
2741697 2
2831661 2
2919998 2
3008502 2
3096702 2
3184902 2
3273543 2
3361743 2
3449943 2
3540348 2
3626784 2
3714984 2
3805389 2
3893589 2
3982230 2
4070430 2
4158630 2
4246389 2
4335471 2
4425435 2
4513635 2
4602276 2
4690476 2
4778676 2
4866876 2
4957281 2
5043717 2
5132358 2
5222322 2
5310522 2
