0 1
88641 1
222705 1
353241 1
486423 1
620487 1
752787 1
885087 1
1017828 1
1150128 1
1282869 1
1415169 1
1549674 1
1681974 1
1812510 1
1945251 1
2079315 1
2212056 1
2344356 1
2477097 1
2609838 1
2741697 1
2874438 1
3008943 1
3141243 1
3271779 1
3404079 1
3538584 1
3669120 1
3803625 1
3935925 1
4068666 1
4200966 1
4333707 1
4466007 1
4598307 1
4731048 1
4865553 1
4997853 1
5130153 1
5262894 1
5395194 1
5527935 1
5660235 1
5794740 1
5927040 1
6059781 1
6192081 1
6324381 1
6457122 1
6589422 1
6722163 1
6856227 1
6987204 1
7121268 1
7254009 1
7386309 1
7519050 1
7653114 1
7785855 1
7916832 1
