0 0
95697 1
160965 0
206671 2
282240 0
330309 2
414540 0
441441 1
516411 0
535374 1
579915 0
604611 2
652680 0
677817 2
733383 0
750582 2
929187 0
954324 1
1013859 0
1036791 1
1139827 0
1167327 1
1215396 0
1250959 1
1303596 0
1382094 1
1426635 0
1451331 2
1510267 0
1537767 2
1610973 0
1639638 2
1718136 0
1750770 1
1825740 0
1854405 1
1935108 0
1965978 1
2032411 0
2063880 2
2273039 0
2321424 1
2451519 0
2472687 2
2551027 0
2582496 1
2634093 0
2664963 2
2876202 0
2914569 1
2981601 0
3106404 1
3183138 0
3210039 2
3271463 0
3304413 2
3388644 0
3413781 1
3479049 0
3519180 1
3697785 0
3724686 2
3820824 0
3859191 2
3964590 0
3995460 2
4103064 0
4125996 1
4179798 0
4204494 1
4327974 0
4346937 2
4419702 0
4445563 2
4533480 0
4561704 1
4619475 0
4644171 1
4694445 0
4723110 1
4782645 0
4809546 1
4890249 0
4909212 2
4968148 0
4997853 2
5122656 0
5189688 2
5289795 0
5314491 1
5393430 0
5416362 2
5506326 0
5529699 2
5729472 0
5751364 2
5813703 0
5826933 1
5884105 0
