0 0
4216401 1
4263871 0
4287843 1
4341645 0
4366341 2
4425876 0
4454541 2
4525542 0
4569642 2
4644013 0
4667544 2
4731489 0
4759713 1
4813515 0
4834683 1
4880988 0
4902156 2
4955517 0
4986387 2
5040189 0
5067090 2
5128389 0
5151762 1
5210257 0
5235993 1
5301261 0
5320665 2
5377396 0
5399604 1
5470164 0
5499270 1
5562333 0
5583501 2
5625837 0
5656391 2
5708304 0
5736370 1
5802237 0
5825610 1
5875443 0
5896611 2
5953342 0
5986575 2
6046110 0
6125049 1
6186348 0
6220871 1
6267051 0
6299086 2
6349518 0
6376419 2
6587658 0
6610590 1
6651162 0
6683796 1
6729660 0
6750828 2
6794928 0
