0 0
363384 1
472752 0
501417 2
570213 0
601083 2
668115 0
706482 1
760284 0
792918 1
849366 0
876267 1
975492 0
996660 1
1056195 0
1143072 2
1238328 0
3868893 1
3935326 0
3971205 1
4187736 0
4216401 2
4331502 0
4379571 1
4502610 0
4523778 2
4713849 0
4742514 1
4855851 0
4903920 2
5103693 0
5136011 1
5343597 0
5364765 2
5493096 0
5537637 1
5596132 0
8131158 1
8233029 0
8379000 1
8490573 0
8681085 1
8864982 0
8895411 2
9085482 0
9122085 2
9219987 0
9258354 2
9365359 0
9397269 1
9483264 0
9511929 1
9621297 0
9652167 1
9770796 0
9792405 2
9930438 0
9972458 1
10112571 0
10135628 2
10235610 0
