0 0
624015 1
712215 0
744849 2
840987 0
898758 2
954324 0
992691 1
1031058 0
1242297 1
1288161 0
1367100 1
1491903 0
1514835 2
1549674 0
1595538 2
1683738 0
1708875 2
1752975 0
1775907 1
1924524 0
1947015 2
2021985 0
2252187 2
2309958 0
2332890 1
2371257 0
2394189 2
2469159 0
3185343 1
3266046 0
3288978 2
3486987 0
3788190 2
4043529 0
4195233 2
4396770 0
4565673 1
4705911 0
4748247 1
4874814 0
5118687 2
5376231 0
5410629 2
5664204 0
5856039 2
6163416 0
6211044 1
6338052 0
6393618 2
6687324 0
7578144 2
7773948 0
7808787 1
7896546 0
7943292 2
8177463 0
8206128 2
8379000 0
8419131 1
8590239 0
8655507 1
8793540 0
8837640 2
9020214 0
9056817 2
9304218 0
