0 0
132741 1
195804 0
226674 2
284004 0
305613 2
361179 0
382347 2
449379 0
468342 1
522144 0
545517 1
677817 0
697221 2
758520 0
781452 2
921690 0
942858 1
998424 0
1021356 1
1128960 0
1151892 1
1205694 0
1225098 2
1286397 0
1311534 2
1451772 0
1470735 2
1541736 0
1562904 1
1618470 0
1637874 1
1797075 0
1816479 2
1872045 0
1889244 2
2148552 0
2169720 1
2355822 0
2373021 1
2432556 0
2457693 1
2513259 0
2534427 2
2630565 0
2652174 2
2743902 0
2762865 1
2847978 0
2864736 2
2916333 0
2937501 2
2991303 0
3014676 1
3091410 0
