0 0
266805 1
297675 0
320607 2
353241 0
384111 2
428652 0
455112 2
489510 0
508473 1
550809 0
577710 1
612549 0
645183 1
687078 0
994455 1
1034586 0
1059723 2
1117494 0
1142190 1
1199961 0
1230831 1
1288161 0
1311093 2
1351665 0
1376361 2
1493667 0
1522332 2
1570401 0
1587600 1
1620234 0
1637433 1
1666539 0
1681974 2
1739304 0
2015811 1
2048445 0
2127384 2
2190447 0
2217348 1
2246454 0
2267181 1
2330685 0
2353617 2
2392425 0
2421090 1
2457693 0
2480625 1
2615130 0
2632329 2
2664963 0
2686131 2
2733759 0
2754927 2
2793294 0
2812698 2
2851065 0
2866500 1
3190635 0
3208275 2
3248406 0
3273543 2
3315879 0
3338811 1
3394377 0
3419514 1
3467583 0
3501981 1
3555783 0
3578715 2
3633840 0
3663387 2
3707928 0
3730419 1
3789954 0
3811122 1
3974292 0
3997665 2
4053231 0
4072194 2
4127760 0
4341204 2
4375602 0
4406472 1
4446603 0
4467771 2
4504374 0
