0 1
88200 1
220500 1
353241 1
485541 1
617841 1
750582 1
882882 1
1017387 1
1149687 1
1280664 1
1414728 1
1547469 1
1678446 1
1812069 1
1944810 1
2079315 1
2209851 1
2343915 1
2476656 1
2608956 1
2741697 1
2875761 1
3008502 1
3140802 1
3273543 1
3407607 1
3538143 1
3672648 1
3805389 1
3937689 1
4069989 1
4202730 1
4335030 1
4467771 1
4600071 1
4734576 1
4866876 1
4999617 1
5131917 1
5264217 1
5395194 1
5529258 1
5661999 1
5796063 1
5927040 1
6059340 1
6193404 1
6324381 1
6456681 1
6591186 1
6723486 1
6856227 1
6988086 1
7121268 1
7253568 1
7385868 1
7518609 1
7653114 1
7783650 1
7915950 1
