0 0
1370628 1
1412523 0
1458828 1
1502928 0
1775466 2
1828669 0
1861902 2
1932304 0
1972435 2
2045641 0
2126943 1
2171484 0
2278647 1
2326400 0
2355381 1
2403450 0
2442982 1
2504281 0
2540884 2
2604987 0
2630124 2
2698920 0
2723458 2
2775779 0
2800791 2
2871792 0
2894724 1
2940430 0
2967930 1
3014959 0
3050397 1
3238704 0
3272503 1
3325140 0
3352041 2
3412017 0
3440682 2
3509478 0
3536379 2
3593709 0
3614877 1
3864483 0
3891384 2
3956652 0
3989286 2
4047057 0
4073958 2
4127760 0
4151857 1
4210227 0
4238293 1
4292694 0
4317798 2
4390596 0
4417497 2
4486418 0
4511430 2
4578903 0
4601835 1
4667103 0
4697973 1
4774707 0
4910976 1
4974480 0
5001381 2
5072382 0
5101047 2
5168079 0
5189247 1
5241285 0
5268186 2
5730196 0
5751963 1
5970699 0
5991867 2
6174125 0
6371410 1
6697026 0
6717753 2
6888420 0
