0 0
147735 1
166698 0
193599 2
203301 0
343980 2
356769 0
391608 2
407043 0
435708 1
452907 0
478044 1
499212 0
527877 2
546840 0
575946 2
600642 0
620046 1
644742 0
662382 1
685314 0
704277 2
773514 0
794682 2
823347 0
850248 2
891261 0
908019 2
948150 0
963585 1
990045 0
1021356 1
1046052 0
1075158 2
1115289 0
1136457 2
1178793 0
1203489 2
1240092 0
1265229 2
1305360 0
1330497 1
1372833 0
1391796 1
1416933 0
1445598 1
1468530 0
1491462 2
1522332 0
1545264 2
1576134 0
1599066 2
1631700 0
1652868 2
1685502 0
1712403 2
1818243 0
1841616 2
1873809 0
1894977 1
1919673 0
1944810 1
1973475 0
1990674 2
2025513 0
2042712 2
2085048 0
2107980 2
2134881 0
2158254 2
2211615 0
2232783 1
2263653 0
2288349 1
2299815 0
2342151 1
2397717 0
2428587 1
2474892 0
2499588 1
2530458 0
2555154 2
2586024 0
2620422 2
2653056 0
2674224 2
2743461 0
2765070 2
2797263 0
2820195 2
2855034 0
2876202 2
2912364 0
2933532 2
2974104 0
2997036 2
3033639 0
3054366 1
3081267 0
3110373 1
3143007 0
3161970 2
3194604 0
3215772 2
3244437 0
3264282 1
3292506 0
3317643 1
3352041 0
3371445 1
3398346 0
3413781 2
3438477 0
3459645 2
3492279 0
3513447 2
3561516 0
3580479 1
3624579 0
