0 1
218736 1
353241 1
485541 1
618282 1
750582 1
883323 1
1017387 1
1147923 1
1282428 1
1415169 1
1547469 1
1679769 1
1812951 1
1947015 1
2077551 1
2211615 1
2344356 1
2476656 1
2609397 1
2741697 1
2876202 1
3006738 1
3141243 1
3273543 1
3405843 1
3538584 1
3673089 1
3804948 1
3935925 1
4070430 1
4202730 1
4335471 1
4467771 1
4600512 1
4734576 1
4867317 1
4999617 1
5134122 1
5264658 1
5397399 1
5531463 1
5663763 1
5796504 1
5928804 1
6063309 1
6193845 1
6326586 1
6460650 1
6593391 1
6724368 1
6858432 1
6990732 1
7123032 1
7255773 1
7388073 1
7522578 1
7654878 1
7787619 1
7919919 1
