0 0
168903 1
208435 0
252535 2
322371 0
353682 2
407043 0
437472 2
504945 0
533610 1
624015 0
654444 1
715868 0
743809 2
821583 0
1950984 1
2036979 0
2067849 1
2138850 0
2159702 2
2207771 0
2248659 2
2332890 0
2357586 2
2432997 0
2452401 1
2543688 0
2572794 1
2643795 0
2668491 2
2780064 0
2814462 2
2868264 0
2895165 1
2958669 0
2983365 1
3117870 0
3144771 1
3221505 0
3247083 2
3315846 0
3347473 2
3419198 0
3448179 2
3517416 0
3542112 1
3603852 0
3628989 1
3682350 0
3712621 2
3757761 0
3791718 2
3849489 0
3878595 2
3931956 0
3963267 2
4049262 0
4087629 2
4143636 0
4171860 2
4220370 0
4249035 1
4314303 0
4341204 2
4381335 0
