0 1
86436 1
219177 1
353241 1
485982 1
616959 1
751023 1
885087 1
1015623 1
1148364 1
1282428 1
1415169 1
1545705 1
1680210 1
1812510 1
1945251 1
2077551 1
2209851 1
2344356 1
2474892 1
2607633 1
2739933 1
2874438 1
3006738 1
3139479 1
3271779 1
3404079 1
3536820 1
3671325 1
3803625 1
3934161 1
4066461 1
4200966 1
4331502 1
4464243 1
4598307 1
4731048 1
4863348 1
4996089 1
5128389 1
5260689 1
5395194 1
5527494 1
5660235 1
5792535 1
5925276 1
6057576 1
6190317 1
6322617 1
6457122 1
6589422 1
6719958 1
6854463 1
6986763 1
7119504 1
7251804 1
7384545 1
7517286 1
7649586 1
7782327 1
7916391 1
