0 0
3246642 1
3323817 0
3348513 2
3412017 0
3617523 1
3772755 0
3799656 2
3922695 0
3953565 2
4032063 0
4060728 2
4135698 0
4156866 1
4216401 0
4239333 1
4369869 0
4395006 1
4475709 0
4492908 2
4554207 0
4586841 2
4650345 0
4690476 1
4898187 0
4922883 2
4992120 0
5019021 2
5090022 0
5118687 1
5197626 0
5222322 1
5420331 0
5448996 2
5549103 0
5577768 1
5733441 0
5756373 2
5846337 0
6126813 2
6193845 0
6222951 1
6282486 0
6311151 1
6626025 0
6656895 2
6785226 0
6816537 2
6963831 0
6996465 2
7132734 0
7228872 2
7340445 0
7376607 1
7451577 0
7478478 2
7534044 0
7557417 2
7661052 0
7695450 2
7797321 0
7824222 1
7939323 0
7956522 2
8171730 0
8200395 2
8258166 0
8281098 1
8394435 0
8415603 2
8494101 0
8517033 2
8613171 0
