0 0
128772 1
172872 0
216972 2
270774 0
303408 1
345744 0
382347 1
670320 0
691488 2
960057 0
981225 1
1019592 0
1052226 1
1104264 0
1129401 1
1194228 0
1213632 2
1321236 0
1340199 2
1420902 0
1442070 2
1532034 0
1547469 1
1649340 0
1666539 2
1730043 0
1749006 1
1779435 0
1801485 1
1910412 0
1927611 2
1975680 0
1992879 2
2110185 0
2133117 2
2215584 0
2238957 2
2388456 0
2407860 1
2555595 0
2578527 1
2616894 0
2619099 1
2620863 0
2743902 1
2805201 0
2908836 2
2960874 0
2999241 2
3101112 0
3127572 1
3202542 0
3233412 1
3294711 0
3321612 1
3359979 0
3385116 1
3436713 0
3479049 1
3563721 0
3596355 1
3638691 0
3669120 2
3765258 0
3799656 2
3895794 0
3943863 2
4001193 0
4030299 1
4070430 0
4250799 1
4304601 0
4431609 1
4504374 0
4529511 1
4573611 0
4602276 1
4637115 0
4658283 2
4715613 0
4740750 2
4802049 0
4829391 2
4942287 0
4966983 2
5068854 0
5093991 1
5155290 0
5182191 1
5232024 0
5257161 2
5329926 0
5366529 2
5412393 0
