0 0
380583 1
480249 0
505386 1
576387 0
605052 2
697221 0
731619 2
789390 0
810558 1
1012095 0
1029294 2
1108233 0
1136898 2
1196433 0
1219365 1
1307565 0
1332702 2
1468971 0
1490139 1
1562904 0
1584072 2
1691676 0
1712844 2
1793547 0
1816479 1
1898946 0
2012283 1
2092986 0
2145024 2
2238957 0
2267622 2
2363760 0
2388897 2
2519433 0
2544129 1
2599695 0
2630565 1
2703771 0
2724498 2
2803437 0
2832102 2
2987775 0
3004974 1
3072006 0
3229443 2
3312351 0
3339252 2
3475521 0
3492720 2
3557988 0
3580920 1
3650157 0
3678822 1
3849930 0
4028535 1
4105269 0
4141431 2
4285638 0
4325769 1
4362372 0
4389714 2
4447044 0
4518045 2
4585077 0
4610214 1
4646817 0
4669749 1
4708116 0
4731048 1
4786173 0
4809987 1
4851882 0
5176458 1
5230260 0
5257161 2
5320665 0
5362560 2
5502798 0
5522643 1
5564538 0
5591439 1
5643036 0
5671701 1
5727708 0
5766075 1
5858244 0
5886909 2
5934978 0
5971581 2
6028911 0
6063750 1
6144012 0
6194286 1
6368922 0
6390090 2
6470793 0
6497694 1
6545322 0
6568695 1
