0 0
282240 1
350154 0
482013 1
551250 0
601083 1
650916 0
700749 1
747054 0
798651 1
860391 0
925343 1
996660 0
1029294 1
1075599 0
1107792 1
1199961 0
1240533 1
1306242 0
1340199 1
1409120 0
1735776 1
1784286 0
1822212 1
1883511 0
1922319 1
2002581 0
2035215 1
2093427 0
2127384 1
2198385 0
2244690 1
2311722 0
2348009 1
2413593 0
2446227 1
2530458 0
2553831 1
2646441 0
2684367 1
2753163 0
3049515 1
3105081 0
3154473 1
3248847 0
3290742 1
3381588 0
3419514 1
3483018 0
3515652 1
3579597 0
3628989 1
3699990 0
3776724 1
3862561 0
