0 0
222705 1
401310 0
422478 1
621810 0
695016 1
881118 0
921249 1
982989 0
1011654 1
1055754 0
1076922 1
1136457 0
1163358 1
1213191 0
1251558 1
1384299 0
1409436 1
1564668 0
1587600 1
1753416 0
1783404 1
1991115 0
2015811 1
2171484 0
2201913 1
2371257 0
2397118 1
2507967 0
2551626 2
2630124 0
2649528 1
2747430 0
2770803 1
2926035 0
2956464 1
3081267 0
3110373 2
3169908 0
3193281 2
3262518 0
3291183 2
3356010 0
3379383 2
3430980 0
3455676 1
3571218 0
3714984 1
3839787 0
3874185 1
3949155 0
3972087 2
4051026 0
4083660 2
4154661 0
4174065 1
4233600 0
4260501 1
4396770 0
4423671 1
4484970 0
4502610 2
4578903 0
4605804 2
4694004 0
4734576 2
4866876 0
4901715 2
5012847 0
5044158 2
5143383 0
5160582 1
5245254 0
5266422 1
5471928 0
5493096 1
5639067 0
5671701 1
5833107 0
5861772 2
6070806 0
6091974 2
6180174 0
6197373 1
6295716 0
6335248 1
6402879 0
6424047 2
6535620 0
6551055 1
6663951 0
