0 0
138474 1
175077 0
195804 2
232848 0
261072 2
301203 0
349272 2
385875 0
429975 1
493920 0
522144 1
566244 0
607257 2
653121 0
794682 1
847885 0
879038 2
929628 0
956088 2
1009890 0
1032822 1
1067220 0
1088388 1
1130724 0
1151892 1
1192023 0
1207458 2
1253763 0
1280664 2
1361367 0
1395166 2
1453536 0
1498077 1
1560699 0
1588041 1
1722105 0
1760472 2
1807942 0
1846908 2
1901151 0
1927611 2
2004786 0
2030647 2
2090781 0
2116359 1
2347884 0
2369493 1
2425059 0
2447991 2
2503557 0
2528694 2
2578527 0
