0 0
910224 1
1121147 0
1169973 2
1290366 0
1321236 1
1372833 0
1562904 1
1633905 0
1670949 2
1745478 0
1774143 2
1862343 0
1893213 2
2171484 0
2202354 1
2262330 0
2300697 1
2375226 0
2528095 1
2588670 0
2619099 1
2682162 0
2709063 2
2769763 0
2803437 2
2923672 0
2951613 1
3037608 0
3085361 2
3187548 0
3217977 1
3333519 0
3357899 2
3419514 0
3442446 1
3521385 0
3553420 1
3951360 0
3980466 2
4072635 0
4108797 2
4235364 0
4266234 1
4404708 0
4432774 2
4543182 0
4581108 2
4734576 0
4769415 1
4861268 0
4882752 2
4996089 0
5015052 1
5111190 0
5138091 2
5206887 0
