0 0
130536 1
195804 0
228438 2
305297 0
327946 2
389245 0
416745 2
481697 0
516536 1
631637 0
676053 1
739241 0
769986 1
846720 0
881559 1
1020316 0
1042524 2
1154097 0
1182762 2
1236564 0
1255652 2
1323000 0
1345932 2
1419138 0
1440747 2
1507338 0
1538649 2
1597743 0
1618911 1
1693440 0
1712844 1
1773544 0
1797075 1
1876014 0
1898946 2
1979649 0
2006550 2
2076952 0
2096955 2
2165751 0
2181627 1
2248659 0
2346561 1
2411829 0
2434162 1
2494296 0
2515464 1
2582496 0
2601900 2
2659954 0
2680082 2
2743902 0
2765070 2
2807406 0
2830022 2
2989539 0
3014676 1
3172554 0
3191076 2
3294711 0
3327345 1
3533292 0
3556665 2
3684239 0
3823029 2
3891825 0
3911229 1
3989727 0
